================================================================================
  ONE-TIME PAD FRAGMENT
  Reference: BBC-MS-Y/PAD/E11-1989-Q1
  Classification: SECRET (declassified for training use)
================================================================================

  Each row is 40 digits (eight 5-figure groups). Row index is shown left.
  Rows are used exactly once per intercept; the indicator group of a
  transmission identifies the row in use for that broadcast.

--------------------------------------------------------------------------------

  001   58826 04739 54072 59538 74373 43389 80351 98087
  002   33700 44869 05654 49369 83194 27679 61686 09427
  003   91862 34165 71286 39738 47939 05864 83754 88101
  004   08441 67645 22322 01680 24601 81132 12870 19508
  005   96210 81254 84741 32967 93051 52649 44893 46127
  006   08901 66806 39457 91877 39104 41998 31089 24797
  007   61477 86232 06178 63834 63067 73879 41658 42304
  008   08744 85339 70067 73516 99489 72856 85662 17577
  009   07366 60669 23369 68730 30519 62691 46485 37944
  010   16398 01738 34239 82685 03876 58209 55863 61669
  011   83639 66091 92475 43110 76203 25575 83691 73437
  012   40295 77425 14220 76227 21537 36262 30903 34435
  013   80888 72538 86919 77700 84134 74068 35802 28556
  014   80547 63013 76697 46380 87723 26804 69451 72862
  015   30738 77222 66625 70152 34201 08780 32732 28317
  016   80025 87064 74654 16032 32838 93514 06995 05368
  017   10417 25273 71407 48462 34840 05739 74487 19965
  018   33277 83623 91227 43909 76656 14197 74765 81779
  019   22694 02509 59772 59103 64757 91973 87241 29967
  020   88521 27727 33473 08565 68755 09006 03414 78030
  021   19813 80660 56361 27638 39320 40378 14961 60831
  022   20839 10260 96397 23753 74536 94527 71070 51569
  023   58977 92934 00777 42189 85069 29340 64217 25232
  024   56660 53998 16753 79900 18398 69878 69091 56212
  025   39736 65624 47621 66761 98139 64162 92971 00962
  026   55632 20837 07775 24544 20956 19332 78464 58171
  027   44997 70706 50772 35408 87058 94192 11176 90251
  028   00451 44377 28530 86213 51952 37500 35154 84710
  029   44993 76792 64224 05245 16866 08671 35093 72370
  030   10638 62421 47864 76096 52307 19646 49762 28549
  031   00847 87416 04033 61106 01221 83708 00018 49985
  032   15435 82232 64243 49217 74075 54857 59812 90500
  033   74149 65188 66576 08951 60291 79897 52652 65564
  034   01179 26112 17080 47674 33175 75286 83522 45326
  035   31890 57781 97406 16842 62727 01848 17472 39498
  036   78444 79066 72939 28123 75026 38756 52658 28780
  037   32857 72537 17680 19722 40193 91419 24290 72864
  038   55539 08458 41835 17052 29618 67023 60170 43341
  039   53130 13890 22531 06577 23193 95361 81741 13980
  040   22417 33714 54561 51687 49884 22398 43357 96606
  041   40698 36708 21924 46528 93300 59527 99535 34310
  042   73849 21750 38461 28394 75692 81047 39582 64193
  043   04737 98315 94717 91332 27831 84520 75961 60614
  044   43422 97523 45785 39199 57745 64047 25649 95724
  045   11299 85202 64687 09344 07822 49057 06137 32966
  046   80780 75567 76206 06705 50464 40569 81158 43635
  047   85775 48233 38763 68630 52998 03444 44842 15616
  048   07497 33144 35743 53358 01305 13523 81055 49668
  049   82792 28692 24980 33167 98550 74152 21257 36194
  050   38515 57095 94313 70766 25123 21530 12612 53341

--------------------------------------------------------------------------------
  END OF PAD FRAGMENT
================================================================================
